1, -1, 2e-06
2, -0.5, 4.2e-05
3, -0.0976311, 6e-06
4, 0.0224476, 9e-06
5, 0.214115, 1.1e-05
6, 0.256995, 1.3e-05
7, 0.354788, 1.5e-05
8, 0.354788, 2.6e-05
9, 0.402421, 3.1e-05
10, 0.46081, 3.4e-05
11, 0.474628, 4.6e-05
12, 0.474628, 9.2e-05
13, 0.482562, 0.000109
14, 0.499427, 0.000159
15, 0.499427, 0.000237
16, 0.52571, 0.000243
17, 0.530402, 0.000352
18, 0.530402, 0.00052
19, 0.536055, 0.000726
20, 0.559154, 0.000731
21, 0.577341, 0.000828
22, 0.578699, 0.001194
23, 0.578699, 0.001609
24, 0.595421, 0.001779
25, 0.609576, 0.001825
26, 0.609576, 0.002158
27, 0.609576, 0.002015
28, 0.609576, 0.002858
29, 0.609576, 0.003949
30, 0.609576, 0.005466
31, 0.611692, 0.007313
32, 0.615065, 0.009272
33, 0.619616, 0.011457
34, 0.623799, 0.014059
35, 0.627186, 0.017729
36, 0.627186, 0.024352
37, 0.628881, 0.031757
38, 0.637394, 0.025171
39, 0.637394, 0.034691
40, 0.637394, 0.047064
41, 0.637394, 0.061813
42, 0.639076, 0.083698
43, 0.639076, 0.112794
44, 0.639867, 0.144488
45, 0.642815, 0.175949
46, 0.647947, 0.199811
47, 0.653706, 0.220374
48, 0.656879, 0.261731
49, 0.661848, 0.291265

